35

6
21 34 14 17 3 16 
4 25 12 26 15 33 
1 5 2 20 8 36 
22 13 6 28 24 23 
31 9 10 30 32 27 
29 7 19 35 18 11 
4
11 10 4 16 
1 6 15 14 
3 7 9 2 
13 5 8 12 
7
3 40 41 30 14 13 22 
45 43 33 2 4 6 25 
5 29 21 19 39 36 8 
32 26 42 47 11 1 48 
44 38 27 31 23 17 15 
46 35 34 24 12 20 37 
28 10 7 49 16 18 9 
4
3 4 5 6 
7 8 9 10 
11 12 13 14 
15 16 1 2 
5
20 21 22 23 24 
25 1 2 3 4 
5 6 7 8 9 
10 11 12 13 14 
15 16 17 18 19 
9
54 55 56 57 58 59 60 61 62 
63 64 65 66 67 68 69 70 71 
72 73 74 75 76 77 78 79 80 
81 1 2 3 4 5 6 7 8 
9 10 11 12 13 14 15 16 17 
18 19 20 21 22 23 24 25 26 
27 28 29 30 31 32 33 34 35 
36 37 38 39 40 41 42 43 44 
45 46 47 48 49 50 51 52 53 
9
57 34 8 67 73 2 45 40 27 
13 61 42 63 4 49 33 41 11 
71 37 54 20 12 68 24 65 81 
79 22 36 47 72 59 55 64 18 
21 6 70 50 46 69 60 74 17 
77 31 80 19 7 53 29 66 14 
10 23 28 44 38 62 78 58 35 
3 30 39 26 52 9 32 16 76 
56 25 5 51 75 15 48 43 1 
7
48 49 1 2 3 4 5 
6 7 8 9 10 11 12 
13 14 15 16 17 18 19 
20 21 22 23 24 25 26 
27 28 29 30 31 32 33 
34 35 36 37 38 39 40 
41 42 43 44 45 46 47 
1
1 
7
28 39 31 23 12 41 14 
21 46 32 6 3 36 11 
43 4 13 37 24 27 7 
22 40 15 38 34 5 8 
33 49 45 29 42 44 16 
26 2 19 18 17 20 30 
35 9 25 10 48 47 1 
1
1 
7
15 17 16 37 24 5 42 
29 47 41 32 8 20 46 
25 39 11 22 36 35 33 
48 43 40 2 27 38 34 
14 31 49 23 10 18 3 
26 19 44 30 4 6 45 
21 13 28 9 1 12 7 
9
77 36 22 23 72 34 44 46 62 
14 27 64 76 21 11 4 52 54 
29 53 80 10 58 38 25 41 9 
45 1 20 33 59 49 55 65 8 
13 18 67 19 24 63 3 56 35 
61 6 74 43 66 75 37 31 15 
78 16 12 28 81 5 42 39 48 
68 26 70 7 60 2 32 47 71 
79 50 69 30 51 57 40 17 73 
10
2 3 4 5 6 7 8 9 10 11 
12 13 14 15 16 17 18 19 20 21 
22 23 24 25 26 27 28 29 30 31 
32 33 34 35 36 37 38 39 40 41 
42 43 44 45 46 47 48 49 50 51 
52 53 54 55 56 57 58 59 60 61 
62 63 64 65 66 67 68 69 70 71 
72 73 74 75 76 77 78 79 80 81 
82 83 84 85 86 87 88 89 90 91 
92 93 94 95 96 97 98 99 100 1 
4
14 16 10 11 
3 12 4 2 
1 5 8 6 
15 9 13 7 
2
2 4 
3 1 
7
8 6 9 3 7 4 39 
17 35 16 10 46 2 38 
47 22 5 19 44 15 45 
31 26 11 18 32 27 37 
40 36 14 20 28 48 25 
1 12 23 21 43 29 33 
49 13 30 24 34 42 41 
7
38 14 48 4 17 33 22 
10 42 19 2 41 25 31 
20 16 1 30 37 34 40 
32 5 21 26 12 18 27 
15 35 45 46 47 7 3 
23 28 39 13 29 36 44 
43 11 49 24 8 9 6 
2
2 3 
4 1 
9
35 77 40 78 74 21 10 65 79 
68 34 70 2 22 43 3 56 17 
36 59 63 27 45 47 76 30 53 
5 50 24 55 18 26 32 16 1 
57 42 69 23 25 28 60 4 11 
8 73 44 58 19 20 66 46 7 
48 67 31 39 41 37 52 71 49 
72 64 62 13 33 12 75 54 6 
80 9 15 14 61 81 38 29 51 
4
8 9 10 11 
12 13 14 15 
16 1 2 3 
4 5 6 7 
5
15 16 1 2 22 
17 19 8 10 6 
7 13 24 3 5 
21 18 23 4 25 
14 11 12 9 20 
8
18 56 17 16 4 28 52 5 
45 61 40 27 46 2 60 47 
62 9 38 25 49 24 43 33 
26 8 12 11 53 15 44 42 
35 57 14 13 10 29 31 41 
21 39 19 37 34 63 32 23 
1 51 48 64 3 58 59 20 
30 50 22 6 55 7 36 54 
2
1 2 
3 4 
5
3 7 14 17 11 
9 19 6 23 21 
5 2 8 24 16 
22 13 18 12 1 
10 15 20 25 4 
10
98 96 38 71 83 27 52 21 22 14 
41 2 29 7 100 86 78 30 55 84 
45 68 74 61 76 28 23 81 99 72 
87 12 82 42 10 67 3 85 44 59 
66 39 24 89 40 20 75 34 64 25 
4 73 49 1 43 69 95 48 58 6 
35 37 65 9 70 77 62 97 91 94 
90 17 92 13 32 33 47 63 18 36 
50 15 80 79 46 16 51 88 19 93 
53 11 26 31 57 56 8 60 54 5 
4
16 1 6 10 
7 13 3 15 
5 4 11 9 
8 14 2 12 
3
3 7 2 
4 5 6 
1 9 8 
8
3 4 5 6 7 8 9 10 
11 12 13 14 15 16 17 18 
19 20 21 22 23 24 25 26 
27 28 29 30 31 32 33 34 
35 36 37 38 39 40 41 42 
43 44 45 46 47 48 49 50 
51 52 53 54 55 56 57 58 
59 60 61 62 63 64 1 2 
1
1 
9
38 2 66 56 61 30 47 6 18 
76 55 67 29 42 69 60 35 81 
70 64 9 15 59 12 22 72 26 
3 16 25 24 73 10 43 11 46 
68 79 54 75 14 19 27 39 20 
37 1 28 13 31 62 8 23 44 
4 33 36 50 78 21 45 7 65 
51 40 80 41 63 74 53 49 17 
57 48 5 52 77 71 34 32 58 
10
1 2 3 4 5 6 7 8 9 10 
11 12 13 14 15 16 17 18 19 20 
21 22 23 24 25 26 27 28 29 30 
31 32 33 34 35 36 37 38 39 40 
41 42 43 44 45 46 47 48 49 50 
51 52 53 54 55 56 57 58 59 60 
61 62 63 64 65 66 67 68 69 70 
71 72 73 74 75 76 77 78 79 80 
81 82 83 84 85 86 87 88 89 90 
91 92 93 94 95 96 97 98 99 100 
2
3 4 
1 2 
6
34 31 3 9 10 13 
20 17 30 27 8 11 
26 35 18 15 1 16 
25 5 14 19 2 7 
4 22 6 33 21 36 
29 12 24 32 23 28 
7
23 24 25 26 27 28 29 
30 31 32 33 34 35 36 
37 38 39 40 41 42 43 
44 45 46 47 48 49 1 
2 3 4 5 6 7 8 
9 10 11 12 13 14 15 
16 17 18 19 20 21 22 
