100
0 0 0 0 0 1 0 0 0 0
152625
1 0 1 0 1 0 1 0 1 0
702328
0 0 1 0 0 1 0 0 0 1
133748
1 1 0 1 1 1 0 0 1 0
400
0 1 0 0 0 0 0 0 0 0
122221
1 0 1 1 0 0 0 0 0 0
333223
1 0 0 1 0 0 0 1 1 0
807888
1 0 0 1 0 0 0 0 0 0
300
0 0 0 1 0 0 1 0 0 0
3
1 1 1 0 0 1 1 1 1 0
277821
0 0 1 1 1 0 1 1 0 0
444633
1 1 1 1 1 1 0 1 0 1
533273
0 0 0 1 0 0 0 0 1 1
96116
1 0 0 0 0 1 0 0 0 0
5005
0 1 0 1 0 1 0 0 0 0
45
0 0 1 0 0 0 0 0 0 0
340736
0 0 0 1 0 0 0 0 0 0
26973
1 0 0 0 1 1 1 0 0 0
6
0 0 0 0 0 0 1 1 1 1
9
0 0 1 0 0 0 0 1 1 1
799822
1 0 1 1 0 0 0 0 0 1
376371
1 0 0 1 1 0 1 0 0 0
33636
0 0 0 0 1 0 0 0 1 0
44488
0 1 0 1 1 0 0 0 0 1
3
1 1 0 0 0 0 1 1 0 0
1000000
0 0 0 0 0 0 1 0 0 0
263736
1 1 0 0 0 0 0 1 0 1
19909
0 0 0 0 1 0 1 1 0 0
746444
0 0 1 0 1 0 0 1 0 0
4742
1 1 0 1 1 1 1 1 1 1
450
0 0 0 0 0 0 0 0 1 0
495616
1 0 0 0 0 0 0 0 0 1
909
0 1 1 0 1 1 0 0 0 0
1
0 1 0 1 0 0 0 0 0 0
1331
0 0 0 0 0 0 0 0 0 1
809919
1 1 0 0 1 1 0 0 0 0
5545
0 0 0 0 0 0 0 1 0 1
7
0 0 0 0 0 0 1 0 1 0
957052
1 0 1 1 0 0 0 1 1 1
72703
1 1 0 0 0 0 0 0 1 1
111991
0 1 0 0 0 0 0 1 0 0
771171
0 0 0 0 1 0 0 0 0 0
1776
0 0 0 0 0 0 1 0 0 0
439956
0 1 0 0 0 0 0 1 1 0
8
1 1 1 1 1 1 0 1 0 1
375099
0 0 0 0 1 0 0 0 0 0
28416
0 0 0 0 0 1 0 1 0 0
58125
0 0 0 1 0 1 0 0 1 0
5
0 0 1 1 1 1 0 0 0 1
162726
0 0 0 1 0 1 1 1 1 1
59693
0 0 0 1 1 0 1 1 1 0
399526
1 1 0 0 0 0 0 0 0 0
40807
0 0 0 0 1 0 0 0 1 1
488
0 0 0 1 0 0 0 0 0 0
333
1 1 0 0 0 0 1 1 0 1
710709
0 1 1 1 0 1 1 1 1 0
228673
0 0 0 1 0 0 0 0 0 0
3267
1 0 0 0 0 0 0 1 0 0
539000
0 1 1 0 1 1 0 0 1 1
261092
1 0 1 0 0 0 0 1 1 1
7
1 0 1 1 0 0 0 1 1 0
732333
1 0 0 1 0 0 1 1 0 0
66306
0 0 0 0 0 1 1 0 0 1
995595
1 1 0 0 0 1 0 1 0 0
979735
0 1 0 0 0 0 0 0 0 0
134431
0 0 1 1 0 0 0 0 0 0
664059
0 0 1 0 1 0 0 0 1 0
4482
0 0 0 1 0 0 1 0 0 0
21978
1 1 1 1 0 1 1 0 1 0
25502
0 0 0 1 0 0 0 0 0 1
336627
1 1 0 0 0 0 1 0 0 0
610
1 0 0 0 0 0 0 0 0 1
99009
0 0 1 1 0 1 0 1 1 0
23558
0 0 1 1 0 0 0 0 1 0
3833
0 1 0 0 0 1 0 1 0 0
7515
0 0 0 0 1 0 0 0 0 1
4136
0 0 0 1 0 0 0 0 1 0
111804
1 0 0 1 0 0 0 0 1 0
80803
0 0 1 0 0 0 0 0 0 0
977768
0 0 1 0 0 0 0 0 0 0
49284
0 1 0 1 1 0 0 0 0 1
13449
0 0 1 0 0 1 1 0 1 0
2
1 0 1 1 1 0 1 0 0 1
444046
0 1 0 0 1 1 0 0 0 1
159991
0 1 0 0 1 0 1 0 0 1
994144
0 0 0 0 0 1 0 1 0 0
7
0 0 0 1 0 0 0 0 0 0
333
1 1 0 0 0 0 0 0 0 0
100101
0 0 0 0 0 1 0 0 0 0
2775
0 0 0 0 1 0 0 0 0 0
19536
0 1 0 0 0 0 1 0 1 0
688161
0 1 0 0 0 0 0 0 0 1
81081
0 1 1 0 0 0 1 1 1 0
118761
0 0 0 0 0 0 0 0 1 0
7744
0 0 1 1 1 0 0 0 0 0
24423
0 1 0 0 0 0 0 0 0 0
135531
0 0 1 1 1 0 0 1 1 1
773727
0 0 1 0 1 0 0 1 0 0
4
0 1 0 0 1 0 0 1 0 0
711444
0 1 0 0 0 0 0 0 0 0
122221
