100
1 0 1 1 0 0 1 1 0 1
33
1 0 1 0 1 0 1 1 1 0
100
0 1 1 0 1 1 0 1 1 0
46
0 0 0 0 0 1 0 1 1 0
15
0 1 0 0 0 0 0 0 1 0
8
1 1 1 0 1 1 1 1 1 1
86
0 1 0 1 0 1 0 0 1 0
38
0 0 0 0 0 1 0 1 0 0
75
0 0 0 0 0 1 1 0 0 0
25
0 0 0 0 1 0 0 0 0 0
4
1 0 0 1 0 0 0 0 1 0
30
0 0 0 0 1 0 0 0 0 0
64
1 0 1 0 1 0 0 0 1 0
88
0 1 0 0 0 1 0 0 0 1
55
0 0 1 0 0 0 0 0 0 0
16
0 0 0 0 0 0 0 0 0 1
99
1 1 0 0 0 1 0 1 0 0
67
1 1 1 0 0 0 0 1 1 0
51
0 0 0 0 0 1 0 0 1 1
95
0 0 1 0 0 0 1 0 0 1
66
0 0 0 0 0 1 0 0 0 0
55
0 0 0 0 0 0 0 0 1 0
8
0 0 0 0 0 0 0 1 0 0
77
1 0 1 1 0 1 1 1 0 0
35
0 0 1 0 1 1 0 0 0 0
70
0 0 0 0 0 0 0 0 1 0
88
1 0 0 0 0 1 1 0 0 1
54
0 0 0 0 0 1 0 0 0 1
9
0 0 1 1 1 1 1 1 1 1
26
0 0 0 0 0 0 0 1 0 0
77
0 0 1 1 0 0 0 0 1 0
3
0 0 0 0 1 0 0 0 0 1
9
0 0 0 0 0 0 1 0 0 0
66
1 1 0 0 0 1 0 1 0 0
51
0 1 0 1 1 1 1 1 0 1
4
0 0 1 1 0 0 0 0 1 0
8
0 1 1 1 1 1 1 1 0 1
94
0 1 0 0 0 0 1 0 0 1
66
0 1 0 0 0 0 0 0 0 1
11
0 0 0 0 1 1 1 0 0 1
38
0 0 0 1 1 0 0 1 0 0
33
0 1 0 0 0 0 0 0 1 0
81
1 0 0 0 1 1 1 1 0 0
76
1 1 0 0 0 1 0 0 0 0
11
0 0 1 0 0 0 0 0 0 1
2
0 0 1 0 0 0 0 0 1 0
2
0 1 1 1 0 0 0 1 0 1
71
0 0 0 0 0 0 1 0 1 1
6
1 0 0 1 0 1 1 1 1 0
7
1 1 1 0 1 0 0 0 0 0
100
0 1 1 0 1 0 0 1 0 0
1
1 0 0 0 0 0 0 0 0 1
81
0 1 1 1 1 0 0 0 1 1
42
0 0 1 0 1 0 0 0 1 0
24
0 1 0 0 0 0 0 0 0 0
11
0 0 1 0 0 0 0 0 0 1
92
0 0 1 0 0 0 0 0 0 0
88
0 1 0 1 0 1 0 1 0 0
3
0 0 1 0 0 0 0 1 0 0
72
0 0 0 1 0 0 0 0 0 1
9
0 0 0 0 0 1 0 1 0 0
55
0 0 0 0 1 0 0 0 0 0
44
0 1 0 1 0 1 0 0 0 0
45
1 1 0 0 1 0 0 0 0 1
19
0 0 0 0 0 1 0 0 0 0
55
0 0 1 0 0 1 1 0 1 1
96
0 0 0 0 0 0 0 0 0 1
99
1 0 1 1 0 0 0 1 0 0
20
0 0 0 0 1 1 1 0 0 1
59
1 0 0 1 0 1 0 0 0 0
15
0 1 0 1 0 0 0 0 1 0
93
0 1 0 0 1 0 1 1 1 0
86
0 0 0 0 1 0 0 0 0 0
16
0 0 0 0 0 0 0 0 0 1
99
0 0 0 0 1 0 0 0 0 0
4
1 0 0 1 0 0 0 0 0 0
99
1 0 0 0 0 1 0 1 0 0
5
0 0 0 0 0 1 1 1 0 0
75
0 0 0 0 0 0 0 0 1 0
88
0 0 0 1 1 0 0 0 0 0
43
0 0 0 0 1 0 0 1 0 0
74
1 0 0 0 1 0 1 1 0 1
96
0 0 0 0 0 0 0 0 0 1
9
0 1 0 0 0 1 0 1 1 1
97
1 0 0 1 0 1 0 0 1 0
85
0 1 0 0 0 0 0 0 0 0
11
0 0 0 1 0 0 0 0 1 1
9
1 1 1 0 0 1 1 1 0 1
7
0 1 1 0 0 1 1 1 0 1
9
1 0 0 0 0 0 1 1 0 0
60
0 0 1 0 1 0 0 1 0 1
33
0 1 0 0 0 0 1 0 1 1
47
1 0 0 1 0 0 1 0 0 0
63
1 0 0 1 0 1 0 1 0 1
9
1 1 0 0 0 0 1 0 1 0
68
1 1 1 1 0 0 0 1 1 1
30
1 0 0 0 1 0 0 0 1 0
4
0 0 0 1 0 0 0 1 0 0
73
1 1 0 0 0 1 1 0 0 0
58
0 1 1 0 0 0 0 1 0 0
7
