100
0 1 0 0 0 0 0 0 0 0
11
0 1 0 0 0 0 1 0 1 0
6
0 0 0 0 0 1 0 0 0 0
5
0 0 0 1 0 1 1 0 0 1
6
0 0 0 1 0 0 0 0 1 0
88
0 1 0 1 0 1 0 0 0 0
45
0 0 1 1 0 0 0 0 0 0
2
1 1 0 1 1 0 0 0 0 0
100
1 0 0 1 1 0 0 0 1 0
90
0 1 0 0 0 1 0 0 0 0
5
1 0 0 0 0 1 0 0 1 0
88
0 0 1 0 1 0 1 1 0 0
6
0 0 1 0 0 0 0 1 0 1
29
1 0 0 0 0 0 1 0 1 1
6
0 1 0 1 1 1 1 0 1 0
64
0 0 0 0 1 0 0 0 0 0
44
0 1 0 0 1 1 1 0 0 0
16
0 0 1 0 0 0 0 0 0 0
22
0 0 0 0 1 0 0 0 0 0
44
0 0 0 0 0 1 0 0 0 0
5
0 1 0 0 1 0 0 1 0 0
4
0 0 1 0 0 1 0 1 0 0
7
0 0 0 0 0 0 1 0 0 0
36
0 0 1 1 0 1 1 1 0 0
55
0 0 0 0 0 0 0 0 1 1
9
0 0 0 1 1 1 0 1 0 1
96
0 0 1 1 0 0 0 1 0 0
23
0 1 0 0 1 0 0 0 0 0
44
0 0 0 0 0 0 1 0 0 0
66
0 0 0 1 0 0 0 0 0 0
99
1 1 0 1 1 1 1 1 1 1
73
0 0 0 0 0 0 0 0 0 1
81
1 0 1 0 1 1 0 0 0 1
20
0 0 0 0 0 1 0 1 0 0
49
0 0 0 0 0 0 1 1 0 0
66
1 1 0 0 0 0 0 0 1 0
78
1 1 0 1 0 0 1 0 1 0
18
0 1 0 0 0 1 1 1 1 0
70
1 0 1 1 1 0 0 1 1 0
43
0 0 0 1 1 0 0 1 0 0
3
0 0 1 0 0 1 0 1 0 0
31
1 1 0 0 0 1 0 0 0 1
9
0 1 1 0 0 0 0 1 0 0
77
0 0 1 0 1 0 0 0 0 0
44
1 0 0 0 0 0 0 0 0 1
9
0 1 0 1 0 1 1 1 0 1
55
1 1 0 0 1 0 1 1 1 0
84
0 1 0 1 0 0 0 0 0 0
31
0 1 0 1 0 1 0 0 0 1
35
0 0 0 0 1 0 0 0 1 0
88
1 0 0 1 1 0 1 1 1 1
60
0 0 0 0 0 0 0 0 0 1
99
1 0 1 0 0 0 0 0 0 0
8
0 0 0 1 0 0 0 0 0 0
27
0 1 0 0 0 1 0 0 1 1
31
0 1 0 0 0 0 0 0 0 0
11
0 1 0 1 0 0 0 1 0 0
11
0 0 0 0 0 1 0 0 0 0
55
0 0 0 0 0 1 0 0 0 0
55
0 1 0 1 0 0 1 0 1 0
38
0 0 0 1 1 0 1 0 0 0
6
0 0 0 0 0 0 0 1 0 0
97
0 1 0 0 0 1 0 0 0 0
75
0 1 0 1 1 1 1 1 1 1
59
0 0 0 1 0 1 0 1 0 0
55
1 1 1 1 1 1 0 0 0 0
87
1 0 1 0 0 1 1 0 1 1
57
0 0 0 0 0 0 0 0 1 1
88
1 1 1 0 0 0 0 0 1 0
88
0 0 0 0 0 0 1 0 0 0
66
0 0 1 0 0 0 0 0 0 0
88
1 0 0 1 0 0 0 0 0 0
9
0 1 0 0 0 0 0 1 0 1
1
1 1 0 0 1 0 0 0 0 0
41
1 1 0 1 0 0 0 1 1 1
17
0 0 0 0 1 1 1 1 0 1
67
0 1 1 0 0 1 0 1 0 0
94
1 1 0 1 0 1 0 1 0 1
23
0 0 1 0 0 1 1 1 0 1
99
1 0 0 1 1 0 0 1 0 0
99
0 1 1 1 0 0 0 0 0 0
33
1 0 0 1 1 1 0 1 0 0
34
0 0 0 1 0 1 0 1 0 1
57
0 1 1 1 0 1 1 1 1 0
8
0 0 0 0 0 1 0 0 0 0
55
0 0 0 0 1 0 0 0 0 0
64
0 0 0 1 0 0 1 0 1 0
8
0 0 0 1 0 1 0 0 0 0
5
0 1 1 0 1 0 1 0 0 1
76
0 0 0 0 0 0 0 0 1 0
88
1 0 0 0 1 0 1 0 0 0
4
1 1 1 1 1 1 0 0 0 1
21
0 0 0 0 1 1 0 0 0 1
9
0 0 0 0 1 0 0 0 1 0
88
0 0 0 0 0 1 0 0 0 1
59
1 0 0 0 0 1 0 0 1 1
9
0 0 0 0 0 0 0 0 1 0
8
0 1 0 0 0 0 0 0 0 1
99
0 0 0 0 0 1 0 0 1 1
89
1 1 1 1 1 1 1 1 0 0
53
