100
0 1 0 0 1 1 0 0 0 0
11
1 1 0 1 0 1 1 1 1 0
8
0 0 1 0 1 0 0 1 1 1
97
0 0 0 0 1 0 0 0 0 0
4
0 0 0 0 0 0 0 0 0 1
81
0 1 0 0 0 1 0 0 1 0
1
0 0 1 0 1 1 1 0 0 0
46
0 0 0 0 0 0 0 0 0 1
99
0 0 0 1 1 0 0 1 0 0
34
0 0 1 0 1 0 0 0 1 0
24
0 1 1 0 0 0 0 1 0 1
21
0 0 0 0 0 0 0 0 1 0
64
1 0 0 0 0 0 0 0 1 0
64
0 0 1 0 0 0 0 0 0 0
88
0 0 1 1 0 0 0 0 0 0
66
0 0 0 0 0 0 0 1 0 0
7
0 0 1 0 0 0 0 0 0 0
64
0 1 0 0 0 1 0 0 0 0
75
1 0 0 0 0 0 1 0 0 0
66
0 1 0 1 0 1 0 0 0 0
45
0 0 0 0 0 0 0 0 1 0
88
0 0 0 0 1 0 0 0 0 0
44
0 0 0 1 0 0 0 0 0 0
33
0 1 0 0 0 0 0 0 0 0
11
0 0 1 1 1 0 0 0 0 0
34
0 0 1 0 0 0 0 0 1 1
82
0 0 0 0 1 0 0 0 1 0
4
0 0 1 1 0 0 0 1 1 0
7
0 0 1 1 0 0 0 0 0 0
36
1 0 0 0 1 1 0 1 0 0
20
0 0 0 1 0 0 1 1 0 0
66
1 0 0 0 0 1 0 0 0 0
55
0 0 0 0 0 0 1 0 0 0
66
1 1 0 0 1 1 0 0 0 0
51
0 1 0 0 1 0 1 0 0 1
90
0 0 0 0 0 0 0 1 0 0
7
1 0 1 0 1 1 0 1 0 1
29
0 0 0 1 0 0 0 0 0 1
93
0 0 0 1 1 0 0 1 1 1
9
0 0 1 0 0 0 0 0 0 0
88
0 0 1 0 0 0 0 0 1 0
32
0 0 1 0 0 0 0 1 1 1
82
1 1 0 1 0 1 1 0 0 1
69
0 1 1 0 1 1 1 1 1 1
97
0 0 0 0 0 0 0 1 0 0
7
0 0 0 1 0 0 0 0 0 0
33
0 0 0 1 0 0 0 1 1 1
56
0 1 0 1 1 1 1 0 1 0
64
1 0 1 1 0 0 0 0 1 1
41
1 0 0 0 0 1 0 0 0 1
9
1 0 0 0 1 1 1 0 1 0
54
0 0 1 0 0 1 0 0 1 0
2
0 1 0 1 0 0 0 0 0 1
99
1 0 1 0 1 0 1 1 0 1
74
1 0 0 1 1 1 0 0 1 0
5
0 0 0 0 0 0 1 0 1 0
66
0 0 1 0 0 1 0 0 0 0
45
0 0 0 1 0 1 0 0 0 0
55
0 0 0 0 0 0 0 0 0 1
9
0 0 0 0 0 0 1 0 1 0
6
0 0 0 0 0 1 1 1 0 0
6
0 0 0 0 0 0 1 0 0 0
66
0 0 0 1 0 0 1 0 1 1
64
0 1 0 0 0 0 0 0 0 0
11
0 1 0 0 1 1 0 0 1 0
88
1 0 0 0 0 1 1 1 1 0
78
0 0 1 0 1 0 0 0 0 1
49
0 0 0 0 1 0 0 1 0 1
9
0 1 0 0 0 1 0 0 0 1
59
1 0 0 0 1 0 0 1 1 0
84
0 0 0 1 1 0 0 0 1 0
3
0 0 0 0 1 1 0 0 0 1
5
0 0 1 0 1 0 0 1 0 0
77
0 0 0 0 0 1 0 0 0 0
55
0 0 0 0 0 0 1 0 1 0
88
1 0 1 0 0 0 0 0 0 1
9
1 0 0 0 0 1 0 1 0 0
77
0 0 0 0 1 0 0 0 0 1
36
0 0 1 0 1 0 0 1 1 1
49
1 1 0 0 1 1 1 1 0 0
63
1 0 1 0 0 1 1 0 0 0
20
1 1 0 0 1 1 1 0 1 1
28
0 1 1 0 1 1 1 0 1 1
88
1 1 0 1 1 1 1 1 0 1
17
0 0 1 1 0 0 0 0 0 0
99
0 0 0 0 1 0 0 0 1 0
32
0 0 0 0 1 0 1 0 1 0
4
1 0 1 0 0 0 0 1 0 0
36
1 0 0 0 1 0 1 0 0 0
14
0 0 0 0 1 1 1 1 1 1
99
1 0 0 1 1 0 0 0 1 0
11
1 0 0 1 1 0 0 1 0 1
23
1 1 0 1 0 1 1 1 1 0
100
0 0 1 1 0 0 0 0 0 0
6
1 1 1 0 0 0 0 1 0 0
100
0 1 1 1 1 1 1 1 1 1
31
0 1 0 0 0 0 0 0 0 0
11
1 1 1 0 1 0 1 0 0 0
97
1 1 1 0 1 0 1 0 0 0
40
0 0 1 1 0 0 0 0 1 1
8
