100
0 1 1 1 0 0 0 0 1 0
11
0 1 0 1 1 1 0 1 0 0
47
0 0 0 1 0 0 0 0 0 0
33
0 1 1 0 0 1 0 0 0 0
12
0 1 0 0 0 0 0 0 1 0
18
0 0 0 0 0 0 1 0 1 1
9
0 1 0 0 1 1 0 1 0 1
59
0 0 0 0 0 0 0 1 0 0
77
1 1 0 0 0 1 0 0 0 1
50
0 0 1 0 1 0 0 1 1 0
7
1 1 1 1 1 1 1 0 0 0
55
1 1 0 0 1 1 0 0 0 0
5
0 0 1 1 1 0 0 0 1 0
2
1 0 0 0 0 1 1 1 0 0
75
1 0 1 0 0 0 0 0 0 1
4
0 0 1 0 0 0 0 1 0 0
7
0 0 1 1 1 0 1 1 0 1
72
0 0 0 1 1 0 0 0 0 1
44
0 1 0 1 0 1 0 0 0 0
45
1 1 1 0 0 1 0 0 0 0
51
0 0 1 1 0 1 1 0 1 1
28
1 1 0 0 0 0 0 1 1 0
8
1 0 0 0 0 0 0 1 1 1
90
0 0 0 0 0 1 1 1 1 0
6
1 1 1 1 0 1 0 0 0 0
100
0 0 0 0 1 0 0 0 0 0
44
0 1 1 0 1 1 1 1 1 0
46
0 0 0 1 0 0 0 0 1 0
38
0 0 0 0 0 0 0 0 1 0
64
1 1 0 0 0 1 0 0 0 0
68
0 1 0 0 0 0 0 0 1 0
81
0 0 0 1 0 0 0 1 0 1
13
0 0 0 0 0 1 0 0 0 1
9
1 1 1 1 1 0 1 1 1 1
73
0 0 0 0 0 0 0 0 1 1
9
0 0 0 0 1 0 0 0 0 0
44
0 0 0 0 0 1 0 0 0 0
55
0 0 0 1 0 0 0 0 0 0
9
0 0 0 1 0 0 1 0 0 0
36
0 0 1 0 0 0 0 0 1 0
44
0 0 0 0 0 0 1 0 1 0
88
0 1 1 1 1 0 0 0 0 1
9
0 1 0 0 0 0 0 0 0 1
1
1 0 1 0 0 0 0 0 0 0
40
0 0 0 1 0 1 0 0 1 0
55
0 0 1 0 1 0 1 0 0 1
58
0 1 1 1 1 0 0 1 0 0
2
1 1 0 0 0 0 1 0 0 1
91
0 0 0 0 0 0 0 1 0 0
77
0 0 0 1 0 1 1 1 0 1
38
1 0 0 0 1 1 0 0 0 0
55
0 1 0 0 0 0 0 0 0 0
11
1 1 0 0 0 0 1 0 1 1
66
0 0 0 0 0 1 0 0 0 0
55
0 1 0 1 0 0 1 1 1 1
78
0 0 0 0 0 1 0 0 0 0
55
1 0 1 0 0 1 0 0 1 0
88
0 1 1 1 1 0 1 1 1 1
29
0 0 0 1 1 0 1 0 1 1
96
0 1 0 0 1 1 1 0 1 1
2
0 0 1 0 1 0 0 1 0 1
4
0 1 0 0 0 1 0 0 0 0
51
0 0 0 0 0 1 0 0 0 1
55
1 0 1 1 0 1 1 0 1 1
73
0 1 0 0 0 0 0 1 0 1
79
1 1 0 1 0 0 0 1 1 0
23
0 0 0 0 1 0 1 1 0 0
67
0 0 0 0 0 0 1 0 0 0
36
1 1 1 0 0 0 0 0 0 0
22
1 0 1 1 1 1 1 0 1 1
80
0 0 0 0 0 0 0 1 0 0
77
0 0 0 0 0 0 0 0 0 1
99
1 0 0 0 0 1 0 0 0 0
50
0 0 0 1 1 0 0 0 1 1
8
1 0 1 1 1 1 0 0 1 1
29
0 0 0 0 0 0 1 0 0 0
66
0 0 0 1 1 1 1 1 1 0
46
0 0 0 1 0 0 0 0 1 1
3
0 0 0 0 1 0 1 0 1 0
44
0 0 1 0 0 0 0 0 0 0
88
0 1 0 0 0 0 0 1 0 0
77
0 0 0 1 1 0 0 0 0 0
44
0 0 0 1 0 0 0 0 0 0
99
0 0 0 0 0 0 1 0 0 0
36
0 1 0 0 1 1 1 0 0 1
91
1 0 1 1 1 0 0 0 0 0
42
0 0 1 1 0 0 0 0 1 0
3
0 0 0 0 0 0 1 0 0 0
66
1 1 1 1 1 1 1 0 1 1
47
0 0 1 0 0 0 0 1 0 0
14
0 1 0 0 0 0 0 0 0 0
50
0 0 0 0 0 0 0 0 0 1
81
1 1 1 1 1 1 0 0 1 0
74
0 1 1 0 0 0 0 1 0 0
77
0 0 0 0 0 0 0 0 1 0
64
0 0 1 0 1 0 1 0 0 0
24
0 1 1 0 0 1 1 1 0 1
61
1 1 0 0 1 0 1 1 1 0
90
0 1 0 0 1 0 0 0 0 1
94
0 1 0 0 0 0 0 0 1 0
88
